19 20 01 0 12 12 20
A1
10 20
A2
10 20
A3
22 38
A4
123 129
A5
288 191
A6
129 10
A7
120 129
A8
192 123
A9
120 333
A10
129 12
A11
12 12
A12 
109 3
A13
102 12
A14 
120 12
A15
199 12
A16
299 222
A17
282 229
A18
222 210
A19
299 11
A20 
291 12
11 13 01 4 12 12 20
A1
10 20
A2
10 20
A3
22 38
A4
123 129
A5
288 191
A6
129 10
A7
120 129
A8
192 123
A9
120 333
A10
129 12
A11
12 12
A12 
109 3
A13
102 12
A14 
120 12
A15
199 12
A16
299 222
A17
282 229
A18
222 210
A19
299 11
A20 
291 12
3 14 01 7 32 132 20
A1
10 20
A2
10 20
A3
22 38
A4
123 129
A5
288 191
A6
129 10
A7
120 129
A8
192 123
A9
120 333
A10
129 12
A11
12 12
A12 
109 3
A13
102 12
A14 
120 12
A15
199 12
A16
299 222
A17
282 229
A18
222 210
A19
299 11
A20 
291 12
